world: d49a8f51-4503-422b-aa51-4ec43d600817
world-name: spawn
x: 120.56934712949914
y: 72.0
z: -107.23554392861526
yaw: 1.717315673828125
pitch: 4.269356727600098
name: arena
lastowner: 40f4cca1-2980-3140-92d9-58c6904b4721
