world: d49a8f51-4503-422b-aa51-4ec43d600817
world-name: spawn
x: 148.3468092492148
y: 92.0
z: -113.5673232394892
yaw: -72.34576416015625
pitch: 0.10458937287330627
name: shop
lastowner: 40f4cca1-2980-3140-92d9-58c6904b4721
