world: d49a8f51-4503-422b-aa51-4ec43d600817
world-name: spawn
x: 147.7054503333958
y: 92.0
z: -113.45225406832047
yaw: -81.833251953125
pitch: -3.4504289627075195
name: shops
lastowner: 40f4cca1-2980-3140-92d9-58c6904b4721
