world: d49a8f51-4503-422b-aa51-4ec43d600817
world-name: spawn
x: 120.57025365756978
y: 99.0
z: -150.6902315425943
yaw: 1.174041748046875
pitch: -2.9738495349884033
name: spawn
lastowner: 40f4cca1-2980-3140-92d9-58c6904b4721
